# Created by Octave 3.8.1, Mon Oct 26 19:19:01 2015 MDT <josh@Helios>
# name: fours
# type: cell
# rows: 1
# columns: 200
# name: <cell-element>
# type: matrix
# rows: 0
# columns: 0



# name: <cell-element>
# type: matrix
# rows: 4
# columns: 4
 0 0 0 1
 0 0 0 1
 0 0 0 1
 0 0 0 0



# name: <cell-element>
# type: matrix
# rows: 4
# columns: 4
 0 0 0 1
 0 0 1 0
 0 0 0 1
 0 0 0 0



# name: <cell-element>
# type: matrix
# rows: 4
# columns: 4
 0 0 0 1
 0 0 1 1
 0 0 0 0
 0 0 0 0



# name: <cell-element>
# type: matrix
# rows: 4
# columns: 4
 0 0 0 1
 0 0 1 1
 0 0 0 1
 0 0 0 0



# name: <cell-element>
# type: matrix
# rows: 4
# columns: 4
 0 0 1 0
 0 0 0 1
 0 0 0 0
 0 1 1 0



# name: <cell-element>
# type: matrix
# rows: 4
# columns: 4
 0 0 1 0
 0 0 1 1
 0 0 0 0
 0 1 1 0



# name: <cell-element>
# type: matrix
# rows: 4
# columns: 4
 0 0 0 1
 0 0 0 1
 0 0 0 0
 0 0 1 0



# name: <cell-element>
# type: matrix
# rows: 4
# columns: 4
 0 0 0 1
 0 0 0 1
 0 0 0 1
 0 0 1 0



# name: <cell-element>
# type: matrix
# rows: 4
# columns: 4
 0 0 0 1
 0 0 1 0
 0 0 0 1
 0 0 1 0



# name: <cell-element>
# type: matrix
# rows: 4
# columns: 4
 0 0 0 1
 0 0 1 1
 0 0 0 0
 0 0 1 0



# name: <cell-element>
# type: matrix
# rows: 4
# columns: 4
 0 0 0 1
 0 0 1 1
 0 0 0 1
 0 0 1 0



# name: <cell-element>
# type: matrix
# rows: 4
# columns: 4
 0 0 0 1
 0 0 1 0
 0 0 0 0
 0 1 0 0



# name: <cell-element>
# type: matrix
# rows: 4
# columns: 4
 0 0 0 1
 0 0 1 1
 0 0 0 0
 0 1 0 0



# name: <cell-element>
# type: matrix
# rows: 4
# columns: 4
 0 0 1 0
 0 0 0 1
 0 0 0 1
 0 1 0 0



# name: <cell-element>
# type: matrix
# rows: 4
# columns: 4
 0 0 0 1
 0 0 1 0
 0 0 0 1
 0 1 0 0



# name: <cell-element>
# type: matrix
# rows: 4
# columns: 4
 0 0 0 1
 0 0 1 1
 0 0 0 1
 0 1 0 0



# name: <cell-element>
# type: matrix
# rows: 4
# columns: 4
 0 0 1 0
 0 0 0 1
 0 0 0 1
 0 1 1 0



# name: <cell-element>
# type: matrix
# rows: 4
# columns: 4
 0 0 1 0
 0 0 1 1
 0 0 0 1
 0 1 0 0



# name: <cell-element>
# type: matrix
# rows: 4
# columns: 4
 0 0 1 0
 0 0 1 1
 0 0 0 1
 0 1 1 0



# name: <cell-element>
# type: matrix
# rows: 4
# columns: 4
 0 0 0 1
 0 0 0 0
 0 0 0 0
 0 1 1 0



# name: <cell-element>
# type: matrix
# rows: 4
# columns: 4
 0 0 0 1
 0 0 0 0
 0 0 0 1
 0 1 1 0



# name: <cell-element>
# type: matrix
# rows: 4
# columns: 4
 0 0 0 1
 0 0 1 0
 0 0 0 0
 0 1 1 0



# name: <cell-element>
# type: matrix
# rows: 4
# columns: 4
 0 0 0 1
 0 0 1 0
 0 0 0 1
 0 1 1 0



# name: <cell-element>
# type: matrix
# rows: 4
# columns: 4
 0 0 0 1
 0 0 0 1
 0 0 0 1
 0 1 1 0



# name: <cell-element>
# type: matrix
# rows: 4
# columns: 4
 0 0 0 1
 0 0 1 0
 0 1 0 0
 0 1 1 0



# name: <cell-element>
# type: matrix
# rows: 4
# columns: 4
 0 0 0 1
 0 0 1 1
 0 0 0 0
 0 1 1 0



# name: <cell-element>
# type: matrix
# rows: 4
# columns: 4
 0 0 0 1
 0 0 1 1
 0 0 0 1
 0 1 1 0



# name: <cell-element>
# type: matrix
# rows: 4
# columns: 4
 0 0 0 1
 0 0 1 0
 0 1 0 1
 0 1 1 0



# name: <cell-element>
# type: matrix
# rows: 4
# columns: 4
 0 0 0 1
 0 0 1 1
 0 1 0 1
 0 1 1 0



# name: <cell-element>
# type: matrix
# rows: 4
# columns: 4
 0 0 1 1
 0 0 1 1
 0 0 0 0
 0 0 0 0



# name: <cell-element>
# type: matrix
# rows: 4
# columns: 4
 0 0 1 1
 0 0 1 1
 0 0 0 1
 0 0 0 0



# name: <cell-element>
# type: matrix
# rows: 4
# columns: 4
 0 0 1 1
 0 0 0 0
 0 0 0 0
 0 1 0 0



# name: <cell-element>
# type: matrix
# rows: 4
# columns: 4
 0 0 1 1
 0 0 0 1
 0 0 0 0
 0 1 0 0



# name: <cell-element>
# type: matrix
# rows: 4
# columns: 4
 0 0 1 1
 0 0 0 0
 0 1 0 0
 0 1 0 0



# name: <cell-element>
# type: matrix
# rows: 4
# columns: 4
 0 0 1 1
 0 0 1 0
 0 0 0 0
 0 1 0 0



# name: <cell-element>
# type: matrix
# rows: 4
# columns: 4
 0 0 1 1
 0 0 0 1
 0 1 0 0
 0 1 0 0



# name: <cell-element>
# type: matrix
# rows: 4
# columns: 4
 0 0 1 1
 0 0 1 1
 0 0 0 0
 0 1 0 0



# name: <cell-element>
# type: matrix
# rows: 4
# columns: 4
 0 0 1 1
 0 0 1 1
 0 1 0 0
 0 1 0 0



# name: <cell-element>
# type: matrix
# rows: 4
# columns: 4
 0 0 1 1
 0 0 1 1
 0 0 0 1
 0 0 1 0



# name: <cell-element>
# type: matrix
# rows: 4
# columns: 4
 0 0 1 1
 0 0 0 0
 0 0 0 0
 0 1 1 0



# name: <cell-element>
# type: matrix
# rows: 4
# columns: 4
 0 0 1 1
 0 0 0 0
 0 0 0 1
 0 1 0 0



# name: <cell-element>
# type: matrix
# rows: 4
# columns: 4
 0 0 1 1
 0 0 0 1
 0 0 0 1
 0 1 0 0



# name: <cell-element>
# type: matrix
# rows: 4
# columns: 4
 0 0 1 1
 0 0 1 0
 0 0 0 0
 0 1 1 0



# name: <cell-element>
# type: matrix
# rows: 4
# columns: 4
 0 0 1 1
 0 0 1 0
 0 0 0 1
 0 1 0 0



# name: <cell-element>
# type: matrix
# rows: 4
# columns: 4
 0 0 1 1
 0 0 0 1
 0 0 0 0
 0 1 1 0



# name: <cell-element>
# type: matrix
# rows: 4
# columns: 4
 0 0 1 1
 0 0 0 0
 0 1 0 1
 0 1 0 0



# name: <cell-element>
# type: matrix
# rows: 4
# columns: 4
 0 0 1 1
 0 0 0 1
 0 1 0 1
 0 1 0 0



# name: <cell-element>
# type: matrix
# rows: 4
# columns: 4
 0 0 1 1
 0 0 1 1
 0 0 0 0
 0 1 1 0



# name: <cell-element>
# type: matrix
# rows: 4
# columns: 4
 0 0 1 1
 0 0 1 1
 0 0 0 1
 0 1 0 0



# name: <cell-element>
# type: matrix
# rows: 4
# columns: 4
 0 0 1 1
 0 0 0 1
 0 1 0 0
 0 1 1 0



# name: <cell-element>
# type: matrix
# rows: 4
# columns: 4
 0 0 1 1
 0 0 1 1
 0 1 0 1
 0 1 0 0



# name: <cell-element>
# type: matrix
# rows: 4
# columns: 4
 0 0 1 1
 0 0 0 0
 0 0 0 1
 0 1 1 0



# name: <cell-element>
# type: matrix
# rows: 4
# columns: 4
 0 0 1 1
 0 0 1 0
 0 0 0 1
 0 1 1 0



# name: <cell-element>
# type: matrix
# rows: 4
# columns: 4
 0 0 1 1
 0 0 0 1
 0 0 0 1
 0 1 1 0



# name: <cell-element>
# type: matrix
# rows: 4
# columns: 4
 0 0 1 1
 0 0 1 1
 0 0 0 1
 0 1 1 0



# name: <cell-element>
# type: matrix
# rows: 4
# columns: 4
 0 0 1 1
 0 0 0 0
 0 1 0 1
 0 1 1 0



# name: <cell-element>
# type: matrix
# rows: 4
# columns: 4
 0 0 1 1
 0 0 0 1
 0 1 0 1
 0 1 1 0



# name: <cell-element>
# type: matrix
# rows: 4
# columns: 4
 0 0 1 1
 0 0 1 1
 0 1 0 1
 0 1 1 0



# name: <cell-element>
# type: matrix
# rows: 4
# columns: 4
 0 1 1 1
 0 0 0 0
 0 0 0 0
 0 0 0 0



# name: <cell-element>
# type: matrix
# rows: 4
# columns: 4
 0 1 1 1
 0 0 0 0
 0 0 0 1
 0 0 0 0



# name: <cell-element>
# type: matrix
# rows: 4
# columns: 4
 0 1 1 1
 0 0 0 1
 0 0 0 1
 0 0 0 0



# name: <cell-element>
# type: matrix
# rows: 4
# columns: 4
 0 1 1 1
 0 0 0 0
 0 0 0 1
 0 0 1 0



# name: <cell-element>
# type: matrix
# rows: 4
# columns: 4
 0 1 1 1
 0 0 0 1
 0 0 0 0
 0 0 1 0



# name: <cell-element>
# type: matrix
# rows: 4
# columns: 4
 0 1 1 1
 0 0 0 1
 0 0 0 1
 0 0 1 0



# name: <cell-element>
# type: matrix
# rows: 4
# columns: 4
 0 1 1 1
 0 0 1 1
 0 0 0 0
 0 0 0 0



# name: <cell-element>
# type: matrix
# rows: 4
# columns: 4
 0 1 1 1
 0 0 1 1
 0 0 0 1
 0 0 0 0



# name: <cell-element>
# type: matrix
# rows: 4
# columns: 4
 0 1 1 1
 0 0 1 1
 0 0 0 1
 0 0 1 0



# name: <cell-element>
# type: matrix
# rows: 4
# columns: 4
 0 1 1 1
 0 0 0 0
 0 0 0 1
 0 1 1 0



# name: <cell-element>
# type: matrix
# rows: 4
# columns: 4
 0 1 1 1
 0 0 1 0
 0 0 0 1
 0 1 0 0



# name: <cell-element>
# type: matrix
# rows: 4
# columns: 4
 0 1 1 1
 0 0 1 1
 0 0 0 1
 0 1 0 0



# name: <cell-element>
# type: matrix
# rows: 4
# columns: 4
 0 1 1 1
 0 0 0 1
 0 0 0 1
 0 1 1 0



# name: <cell-element>
# type: matrix
# rows: 4
# columns: 4
 0 1 1 1
 0 0 1 1
 0 0 0 0
 0 1 1 0



# name: <cell-element>
# type: matrix
# rows: 4
# columns: 4
 0 1 1 1
 0 0 1 1
 0 0 0 1
 0 1 1 0



# name: <cell-element>
# type: matrix
# rows: 4
# columns: 4
 0 1 1 1
 0 0 1 1
 0 1 0 1
 0 1 1 0



# name: <cell-element>
# type: matrix
# rows: 4
# columns: 4
 0 0 0 0
 0 0 0 0
 0 0 0 1
 1 1 1 0



# name: <cell-element>
# type: matrix
# rows: 4
# columns: 4
 0 0 0 0
 0 0 1 1
 0 0 0 0
 1 1 0 0



# name: <cell-element>
# type: matrix
# rows: 4
# columns: 4
 0 0 0 1
 0 0 1 0
 0 0 0 0
 1 1 0 0



# name: <cell-element>
# type: matrix
# rows: 4
# columns: 4
 0 0 0 0
 0 0 1 0
 0 0 0 1
 1 1 0 0



